6 0.2765625 0.37265625 0.23984375 0.14140625
6 0.81875 0.33359375 0.28515625 0.21328125
13 0.1125 0.6515625 0.1421875 0.08359375
13 0.25078125 0.825 0.18359375 0.18671875
1 0.5515625 0.42734375 0.2875 0.08125
13 0.79921875 0.55625 0.134375 0.10078125
7 0.64765625 0.53046875 0.1515625 0.1046875
7 0.50390625 0.63515625 0.1734375 0.13125
0 0.51328125 0.25703125 0.31171875 0.1703125
0 0.8109375 0.20703125 0.24921875 0.09765625
11 0.68203125 0.34453125 0.08515625 0.10625
12 0.45234375 0.503125 0.21484375 0.17734375
12 0.8375 0.70390625 0.23984375 0.21640625
2 0.309375 0.6875 0.21484375 0.1546875
5 0.63515625 0.7078125 0.140625 0.22421875