12 0.83984375 0.6125 0.265625 0.20234375
12 0.4765625 0.453125 0.24375 0.1875
0 0.7265625 0.115625 0.29375 0.21328125
0 0.33125 0.34609375 0.303125 0.24375
7 0.634375 0.48125 0.13671875 0.12421875
7 0.45703125 0.62578125 0.1828125 0.15
6 0.21171875 0.5984375 0.2625 0.16875
6 0.82734375 0.25234375 0.3453125 0.24921875
1 0.63203125 0.36484375 0.3109375 0.0859375
13 0.103125 0.70546875 0.15234375 0.08984375
13 0.9 0.40078125 0.14921875 0.1
13 0.30859375 0.86484375 0.19921875 0.19375
5 0.54609375 0.66953125 0.06796875 0.25234375
11 0.62265625 0.26953125 0.1203125 0.12578125
2 0.30859375 0.68984375 0.21484375 0.1734375