5 0.021875 0.21328125 0.0171875 0.2703125
5 0.10234375 0.05625 0.153125 0.1125
5 0.128125 0.05078125 0.14765625 0.09453125
5 0.15078125 0.2078125 0.09453125 0.26484375
5 0.26171875 0.24609375 0.2796875 0.04375
5 0.8484375 0.296875 0.3015625 0.18515625
5 0.26875 0.38203125 0.028125 0.33828125
5 0.27578125 0.3890625 0.034375 0.35
5 0.1734375 0.44296875 0.08125 0.31953125
5 0.1296875 0.5015625 0.18046875 0.1078125
5 0.1546875 0.446875 0.08828125 0.2125
5 0.14140625 0.50625 0.05234375 0.1484375
5 0.07734375 0.571875 0.115625 0.17421875
5 0.03359375 0.6171875 0.06640625 0.18359375
5 0.07578125 0.70703125 0.12265625 0.059375
5 0.25703125 0.59453125 0.14609375 0.175
5 0.321875 0.796875 0.053125 0.2609375
5 0.34765625 0.73671875 0.2109375 0.06953125
5 0.55703125 0.81015625 0.29921875 0.11171875
5 0.4953125 0.54140625 0.1921875 0.353125
5 0.63984375 0.5671875 0.30234375 0.14921875
5 0.63046875 0.50390625 0.31796875 0.096875