5 0.40390625 0.1421875 0.2015625 0.04765625
5 0.3046875 0.2125 0.184375 0.0546875
5 0.51640625 0.2046875 0.1796875 0.23671875
5 0.6890625 0.2234375 0.02578125 0.33359375
5 0.71328125 0.3 0.04765625 0.34140625
5 0.60703125 0.43203125 0.14140625 0.32421875
5 0.7015625 0.39140625 0.1625 0.2359375
5 0.2546875 0.48046875 0.17109375 0.0265625
5 0.40078125 0.590625 0.1875 0.21875
5 0.23359375 0.61328125 0.11328125 0.2015625
5 0.3453125 0.6359375 0.21015625 0.0609375
5 0.6796875 0.7796875 0.18046875 0.4234375
5 0.4234375 0.89453125 0.196875 0.21015625
5 0.33046875 0.95859375 0.04609375 0.08203125
5 0.4703125 0.62890625 0.16640625 0.30234375
11 0.2375 0.78046875 0.103125 0.13515625