5 0.746875 0.9 0.41171875 0.17578125
5 0.8625 0.690625 0.02109375 0.33203125
5 0.9390625 0.675 0.121875 0.11875
5 0.9359375 0.7328125 0.128125 0.165625
5 0.5359375 0.69296875 0.35625 0.11953125
5 0.44140625 0.715625 0.23203125 0.203125
5 0.534375 0.5484375 0.346875 0.0109375
5 0.7890625 0.37890625 0.27734375 0.184375
5 0.690625 0.4484375 0.26484375 0.16015625
5 0.6984375 0.45390625 0.265625 0.153125
5 0.17734375 0.4875 0.22109375 0.05546875
5 0.17734375 0.4125 0.25 0.0546875
5 0.40390625 0.41796875 0.271875 0.071875
5 0.3484375 0.41875 0.1859375 0.00859375
5 0.496875 0.4234375 0.13671875 0.20546875
5 0.60078125 0.30859375 0.07890625 0.18125
5 0.69765625 0.2625 0.08359375 0.1109375
5 0.64453125 0.19609375 0.07578125 0.1765625
5 0.68046875 0.2234375 0.13046875 0.11953125
5 0.20625 0.259375 0.24296875 0.0203125
5 0.30625 0.22578125 0.23515625 0.05625
5 0.45234375 0.22734375 0.1453125 0.1140625