5 0.2953125 0.18125 0.05625 0.16328125
5 0.38046875 0.125 0.19296875 0.10546875
5 0.6125 0.0390625 0.10859375 0.078125
5 0.715625 0.046875 0.20390625 0.09296875
5 0.78984375 0.13203125 0.27265625 0.021875
5 0.92890625 0.24140625 0.14140625 0.15546875
5 0.92734375 0.27578125 0.1125 0.16640625
5 0.88984375 0.31484375 0.20859375 0.046875
5 0.76796875 0.2890625 0.28671875 0.1
5 0.49296875 0.25703125 0.09296875 0.20859375
5 0.44765625 0.24375 0.2078125 0.12734375
5 0.546875 0.29375 0.2 0.06875
5 0.53046875 0.28984375 0.22109375 0.05546875
5 0.55 0.31328125 0.31328125 0.07890625
5 0.39765625 0.41796875 0.15546875 0.190625
5 0.59453125 0.45 0.3078125 0.06640625
5 0.71875 0.4515625 0.06875 0.275
5 0.209375 0.46796875 0.24609375 0.0109375
5 0.265625 0.496875 0.0671875 0.2359375
5 0.2015625 0.6953125 0.10078125 0.26015625
5 0.44140625 0.65703125 0.321875 0.16328125
5 0.41171875 0.771875 0.1375 0.24453125
5 0.46953125 0.7703125 0.0984375 0.26484375
5 0.61328125 0.91328125 0.10234375 0.1734375
5 0.759375 0.34921875 0.04140625 0.09765625