6 0.31796875 0.503125 0.125 0.13046875
15 0.49140625 0.58984375 0.13984375 0.046875
15 0.56875 0.53046875 0.028125 0.12578125
15 0.3625 0.615625 0.0796875 0.1015625
15 0.39140625 0.6828125 0.03125 0.12578125
14 0.3984375 0.8703125 0.13359375 0.1578125
12 0.16796875 0.79296875 0.0953125 0.18515625
1 0.309375 0.69296875 0.125 0.16875
5 0.30625 0.796875 0.03515625 0.1734375
14 0.26953125 0.71875 0.03828125 0.0578125
13 0.62265625 0.825 0.14921875 0.20234375
5 0.728125 0.69609375 0.01796875 0.20703125
1 0.64375 0.615625 0.096875 0.15390625
3 0.83671875 0.65078125 0.2078125 0.18984375
13 0.62109375 0.40703125 0.07734375 0.1
16 0.4453125 0.53671875 0.1515625 0.1453125
17 0.45390625 0.13515625 0.3421875 0.2703125