16 0.5953125 0.8515625 0.33203125 0.296875
15 0.86328125 0.63359375 0.2734375 0.0703125
16 0.215625 0.70859375 0.43125 0.396875
6 0.64921875 0.125 0.21171875 0.17734375
8 0.44140625 0.18671875 0.23984375 0.0859375
12 0.35703125 0.109375 0.20546875 0.14375
12 0.32578125 0.0703125 0.28828125 0.13984375
1 0.4984375 0.38671875 0.12578125 0.15859375
12 0.63515625 0.45 0.29765625 0.240625
5 0.859375 0.528125 0.28125 0.08984375
3 0.05078125 0.20703125 0.10078125 0.14140625
15 0.26015625 0.93671875 0.06171875 0.12578125