16 0.57265625 0.06484375 0.19296875 0.0875
1 0.40625 0.1515625 0.16875 0.0875
5 0.625 0.1828125 0.1140625 0.125
15 0.74453125 0.14609375 0.1203125 0.07890625
15 0.73828125 0.2015625 0.06015625 0.1125
6 0.16796875 0.23359375 0.17734375 0.12890625
12 0.51015625 0.2890625 0.25078125 0.12890625
16 0.34453125 0.39609375 0.3828125 0.24453125
12 0.07578125 0.39921875 0.1515625 0.1875
8 0.1703125 0.3375 0.09921875 0.0703125
16 0.2375 0.5828125 0.3375 0.1703125
15 0.75234375 0.6609375 0.16796875 0.1015625
15 0.30546875 0.79921875 0.0859375 0.175
15 0.4109375 0.9234375 0.12265625 0.153125
0 0.196875 0.91484375 0.39375 0.1703125