15 0.26953125 0.56328125 0.2125 0.1609375
15 0.96015625 0.49140625 0.0796875 0.1046875
3 0.71953125 0.29765625 0.11953125 0.13515625
5 0.7359375 0.5453125 0.08984375 0.3765625
7 0.6234375 0.6484375 0.15 0.1828125
7 0.5703125 0.37734375 0.1875 0.25234375
7 0.25859375 0.125 0.2640625 0.25
7 0.4359375 0.209375 0.11484375 0.140625
1 0.62421875 0.15546875 0.203125 0.2234375
1 0.73203125 0.18671875 0.2109375 0.21953125
17 0.4828125 0.78125 0.41015625 0.3234375
15 0.4640625 0.43359375 0.05078125 0.31875
11 0.47109375 0.421875 0.1703125 0.26953125