6 0.296875 0.75546875 0.59375 0.4890625
3 0.29765625 0.31953125 0.48828125 0.396875
3 0.77890625 0.290625 0.3546875 0.3
13 0.7171875 0.10859375 0.36171875 0.2171875
3 0.89921875 0.09921875 0.2015625 0.1984375
12 0.91875 0.18515625 0.16171875 0.20546875
12 0.79921875 0.5265625 0.23984375 0.209375
12 0.640625 0.63984375 0.15078125 0.2421875
10 0.609375 0.4921875 0.1796875 0.1390625
7 0.646875 0.39453125 0.13203125 0.1171875
0 0.82578125 0.8078125 0.3484375 0.38359375
13 0.765625 0.896875 0.3734375 0.20546875