8 0.190625 0.39453125 0.38125 0.3796875
6 0.3171875 0.76171875 0.634375 0.4765625
3 0.2484375 0.13203125 0.496875 0.26328125
3 0.83671875 0.3859375 0.32578125 0.278125
16 0.5359375 0.3640625 0.30703125 0.25390625
12 0.6609375 0.7046875 0.12578125 0.228125
12 0.82890625 0.61171875 0.240625 0.19453125
10 0.65859375 0.55 0.1703125 0.12421875
7 0.70546875 0.465625 0.11953125 0.1015625
13 0.81796875 0.16953125 0.3640625 0.2484375
3 0.7734375 0.07734375 0.27890625 0.1546875
0 0.8203125 0.84765625 0.359375 0.3046875
13 0.753125 0.925 0.3734375 0.14921875
3 0.93671875 0.2421875 0.1265625 0.23125
12 0.95546875 0.30234375 0.0890625 0.1953125