7 0.1546875 0.71953125 0.2265625 0.1734375
12 0.671875 0.91171875 0.478125 0.1765625
10 0.0671875 0.4859375 0.13359375 0.13125
10 0.25234375 0.56484375 0.190625 0.12734375
11 0.22890625 0.38984375 0.36953125 0.234375
8 0.15078125 0.178125 0.3015625 0.2140625
3 0.37109375 0.18671875 0.25546875 0.2265625
3 0.62890625 0.059375 0.34375 0.11796875
3 0.91640625 0.26875 0.1671875 0.23671875
17 0.57578125 0.42890625 0.61875 0.7734375
3 0.91640625 0.746875 0.1671875 0.41328125
12 0.803125 0.046875 0.1609375 0.09375
5 0.93203125 0.06328125 0.1359375 0.05390625